# Bonded ADC coating sample scan from April 2013
3200.00 0.5689
3210.00 0.5935
3220.00 0.61825
3230.00 0.6428
3240.00 0.6668
3250.00 0.69045
3260.00 0.7124
3270.00 0.73515
3280.00 0.75565
3290.00 0.7761
3300.00 0.79535
3310.00 0.81305
3320.00 0.8299
3330.00 0.8452
3340.00 0.8596
3350.00 0.87235
3360.00 0.8845
3370.00 0.89605
3380.00 0.906
3390.00 0.91495
3400.00 0.923
3410.00 0.9294
3420.00 0.93485
3430.00 0.93965
3440.00 0.9435
3450.00 0.9467
3460.00 0.94875
3470.00 0.95085
3480.00 0.95285
3490.00 0.9545
3500.00 0.9544
3510.00 0.9549
3520.00 0.95545
3530.00 0.95525
3540.00 0.95475
3550.00 0.95415
3560.00 0.9533
3570.00 0.95295
3580.00 0.952
3590.00 0.95185
3600.00 0.95015
3610.00 0.94875
3620.00 0.94825
3630.00 0.9476
3640.00 0.94705
3650.00 0.9462
3660.00 0.94535
3670.00 0.945
3680.00 0.94525
3690.00 0.9451
3700.00 0.9446
3710.00 0.94525
3720.00 0.945
3730.00 0.9443
3740.00 0.94505
3750.00 0.94525
3760.00 0.9468
3770.00 0.94635
3780.00 0.9453
3790.00 0.94675
3800.00 0.94645
3810.00 0.94735
3820.00 0.9486
3830.00 0.94915
3840.00 0.9504
3850.00 0.9507
3860.00 0.9526
3870.00 0.95325
3880.00 0.95405
3890.00 0.95635
3900.00 0.9566
3910.00 0.9572
3920.00 0.9581
3930.00 0.95845
3940.00 0.95975
3950.00 0.96165
3960.00 0.9629
3970.00 0.96385
3980.00 0.96465
3990.00 0.9655
4000.00 0.967
4010.00 0.9669
4020.00 0.96825
4030.00 0.969
4040.00 0.97065
4050.00 0.97175
4060.00 0.97275
4070.00 0.97265
4080.00 0.97365
4090.00 0.9743
4100.00 0.97535
4110.00 0.9758
4120.00 0.9769
4130.00 0.9778
4140.00 0.9772
4150.00 0.978
4160.00 0.97885
4170.00 0.98025
4180.00 0.98015
4190.00 0.98015
4200.00 0.9799
4210.00 0.98045
4220.00 0.98095
4230.00 0.98175
4240.00 0.98145
4250.00 0.98105
4260.00 0.98195
4270.00 0.9819
4280.00 0.9819
4290.00 0.9819
4300.00 0.982
4310.00 0.98155
4320.00 0.98135
4330.00 0.981
4340.00 0.9813
4350.00 0.9806
4360.00 0.9807
4370.00 0.98135
4380.00 0.98075
4390.00 0.98015
4400.00 0.9807
4410.00 0.98055
4420.00 0.9789
4430.00 0.9795
4440.00 0.979
4450.00 0.9784
4460.00 0.9787
4470.00 0.97905
4480.00 0.9782
4490.00 0.9776
4500.00 0.977
4510.00 0.9768
4520.00 0.97685
4530.00 0.9757
4540.00 0.97565
4550.00 0.97515
4560.00 0.9751
4570.00 0.97475
4580.00 0.97445
4590.00 0.9731
4600.00 0.97295
4610.00 0.9733
4620.00 0.97255
4630.00 0.97175
4640.00 0.97175
4650.00 0.9714
4660.00 0.9712
4670.00 0.9712
4680.00 0.9711
4690.00 0.9703
4700.00 0.9706
4710.00 0.97075
4720.00 0.9704
4730.00 0.96985
4740.00 0.96975
4750.00 0.97
4760.00 0.96955
4770.00 0.9697
4780.00 0.9694
4790.00 0.9695
4800.00 0.96975
4810.00 0.9702
4820.00 0.9699
4830.00 0.9694
4840.00 0.96905
4850.00 0.96915
4860.00 0.96935
4870.00 0.9689
4880.00 0.9688
4890.00 0.9689
4900.00 0.9688
4910.00 0.96895
4920.00 0.96885
4930.00 0.9686
4940.00 0.9687
4950.00 0.96895
4960.00 0.96855
4970.00 0.9687
4980.00 0.969
4990.00 0.96875
5000.00 0.9691
5010.00 0.96955
5020.00 0.96955
5030.00 0.96995
5040.00 0.9697
5050.00 0.97025
5060.00 0.9703
5070.00 0.97095
5080.00 0.9713
5090.00 0.97165
5100.00 0.97195
5110.00 0.97185
5120.00 0.9724
5130.00 0.97285
5140.00 0.9732
5150.00 0.9733
5160.00 0.9737
5170.00 0.97425
5180.00 0.9744
5190.00 0.97415
5200.00 0.9749
5210.00 0.97525
5220.00 0.97535
5230.00 0.97555
5240.00 0.97625
5250.00 0.9762
5260.00 0.977
5270.00 0.97745
5280.00 0.9776
5290.00 0.9782
5300.00 0.97815
5310.00 0.9786
5320.00 0.9795
5330.00 0.97935
5340.00 0.9793
5350.00 0.9794
5360.00 0.98015
5370.00 0.98065
5380.00 0.98105
5390.00 0.9814
5400.00 0.9814
5410.00 0.98155
5420.00 0.9822
5430.00 0.98275
5440.00 0.98305
5450.00 0.9832
5460.00 0.98315
5470.00 0.98405
5480.00 0.98415
5490.00 0.98485
5500.00 0.98535
5510.00 0.98615
5520.00 0.9859
5530.00 0.98555
5540.00 0.98595
5550.00 0.9868
5560.00 0.9863
5570.00 0.98635
5580.00 0.9868
5590.00 0.9874
5600.00 0.9877
5610.00 0.9872
5620.00 0.9882
5630.00 0.98855
5640.00 0.9885
5650.00 0.98855
5660.00 0.989
5670.00 0.98885
5680.00 0.98935
5690.00 0.98945
5700.00 0.98945
5710.00 0.9896
5720.00 0.99
5730.00 0.99055
5740.00 0.99055
5750.00 0.9902
5760.00 0.9908
5770.00 0.99105
5780.00 0.99135
5790.00 0.99195
5800.00 0.9918
5810.00 0.9917
5820.00 0.9916
5830.00 0.99175
5840.00 0.9918
5850.00 0.99255
5860.00 0.99235
5870.00 0.99195
5880.00 0.9925
5890.00 0.99255
5900.00 0.9925
5910.00 0.9919
5920.00 0.99255
5930.00 0.9924
5940.00 0.99275
5950.00 0.99275
5960.00 0.9925
5970.00 0.99235
5980.00 0.99235
5990.00 0.99195
6000.00 0.99205
6010.00 0.9927
6020.00 0.9933
6030.00 0.9928
6040.00 0.9928
6050.00 0.99255
6060.00 0.99255
6070.00 0.99255
6080.00 0.99275
6090.00 0.99285
6100.00 0.9925
6110.00 0.9919
6120.00 0.99255
6130.00 0.9922
6140.00 0.9921
6150.00 0.99215
6160.00 0.9921
6170.00 0.99215
6180.00 0.9921
6190.00 0.9924
6200.00 0.99205
6210.00 0.99215
6220.00 0.992
6230.00 0.9917
6240.00 0.9921
6250.00 0.99165
6260.00 0.9919
6270.00 0.99145
6280.00 0.99105
6290.00 0.99145
6300.00 0.9909
6310.00 0.9908
6320.00 0.9911
6330.00 0.9912
6340.00 0.9912
6350.00 0.99105
6360.00 0.9901
6370.00 0.9906
6380.00 0.99025
6390.00 0.99045
6400.00 0.99005
6410.00 0.99035
6420.00 0.9907
6430.00 0.9901
6440.00 0.99005
6450.00 0.9903
6460.00 0.9901
6470.00 0.98925
6480.00 0.98965
6490.00 0.9895
6500.00 0.98895
6510.00 0.9889
6520.00 0.9891
6530.00 0.98855
6540.00 0.98875
6550.00 0.98925
6560.00 0.9891
6570.00 0.9889
6580.00 0.9885
6590.00 0.9882
6600.00 0.98875
6610.00 0.98905
6620.00 0.98805
6630.00 0.98775
6640.00 0.9879
6650.00 0.9878
6660.00 0.98795
6670.00 0.98755
6680.00 0.9877
6690.00 0.9878
6700.00 0.98735
6710.00 0.98735
6720.00 0.9873
6730.00 0.98735
6740.00 0.9866
6750.00 0.9866
6760.00 0.98745
6770.00 0.9874
6780.00 0.98725
6790.00 0.98725
6800.00 0.98755
6810.00 0.9873
6820.00 0.987
6830.00 0.98695
6840.00 0.98595
6850.00 0.98635
6860.00 0.98705
6870.00 0.9865
6880.00 0.98555
6890.00 0.98635
6900.00 0.98695
6910.00 0.9862
6920.00 0.9865
6930.00 0.9878
6940.00 0.98665
6950.00 0.98575
6960.00 0.9866
6970.00 0.9864
6980.00 0.9866
6990.00 0.98545
7000.00 0.986
7010.00 0.98565
7020.00 0.9853
7030.00 0.9861
7040.00 0.98605
7050.00 0.9867
7060.00 0.9863
7070.00 0.9869
7080.00 0.98665
7090.00 0.9871
7100.00 0.986
7110.00 0.9857
7120.00 0.98625
7130.00 0.9864
7140.00 0.98675
7150.00 0.9861
7160.00 0.9862
7170.00 0.98635
7180.00 0.98725
7190.00 0.98635
7200.00 0.9866
7210.00 0.9871
7220.00 0.98615
7230.00 0.98645
7240.00 0.98585
7250.00 0.9868
7260.00 0.9869
7270.00 0.98725
7280.00 0.98635
7290.00 0.9868
7300.00 0.9871
7310.00 0.98645
7320.00 0.9856
7330.00 0.98695
7340.00 0.98745
7350.00 0.98765
7360.00 0.98715
7370.00 0.987
7380.00 0.9868
7390.00 0.98755
7400.00 0.987
7410.00 0.9871
7420.00 0.9882
7430.00 0.9869
7440.00 0.9878
7450.00 0.9889
7460.00 0.98675
7470.00 0.9869
7480.00 0.9885
7490.00 0.9876
7500.00 0.98735
7510.00 0.9883
7520.00 0.9891
7530.00 0.98805
7540.00 0.98795
7550.00 0.9882
7560.00 0.98715
7570.00 0.98755
7580.00 0.98735
7590.00 0.9891
7600.00 0.9895
7610.00 0.9899
7620.00 0.9897
7630.00 0.9881
7640.00 0.98825
7650.00 0.9867
7660.00 0.98855
7670.00 0.9885
7680.00 0.9898
7690.00 0.99045
7700.00 0.9913
7710.00 0.98985
7720.00 0.99015
7730.00 0.98915
7740.00 0.99075
7750.00 0.9901
7760.00 0.9911
7770.00 0.9898
7780.00 0.9912
7790.00 0.9928
7800.00 0.99045
7810.00 0.9901
7820.00 0.9917
7830.00 0.98985
7840.00 0.9896
7850.00 0.9898
7860.00 0.99105
7870.00 0.99265
7880.00 0.99175
7890.00 0.99095
7900.00 0.99015
7910.00 0.99025
7920.00 0.99075
7930.00 0.99085
7940.00 0.99125
7950.00 0.99155
7960.00 0.99265
7970.00 0.9908
7980.00 0.99175
7990.00 0.99
8000.00 0.9917
8010.00 0.9906
8020.00 0.9924
8030.00 0.99345
8040.00 0.9952
8050.00 0.9927
8060.00 0.9933
8070.00 0.99375
8080.00 0.9927
8090.00 0.99135
8100.00 0.9928
8110.00 0.9923
8120.00 0.99265
8130.00 0.9915
8140.00 0.99375
8150.00 0.9961
8160.00 0.99405
8170.00 0.9941
8180.00 0.9958
8190.00 0.9976
8200.00 0.99475
8210.00 0.9959
8220.00 0.9981
8230.00 0.99505
8240.00 0.994
8250.00 0.99205
8260.00 0.9944
8270.00 0.9958
8280.00 0.99565
8290.00 0.99425
8300.00 0.9931
8310.00 0.99435
8320.00 0.9927
8330.00 0.9932
8340.00 0.9943
8350.00 0.99295
8360.00 0.9947
8370.00 0.9937
8380.00 0.9951
8390.00 0.99635
8400.00 0.99695
8410.00 0.9934
8420.00 0.9948
8430.00 0.99655
8440.00 0.9919
8450.00 0.99605
8460.00 0.9933
8470.00 0.993
8480.00 0.9921
8490.00 0.9943
8500.00 0.99585
8510.00 0.9937
8520.00 0.9961
8530.00 0.99555
8540.00 0.9965
8550.00 0.9974
8560.00 0.9942
8570.00 0.9941
8580.00 0.99295
8590.00 0.9956
8600.00 1
8610.00 0.99195
8620.00 0.99165
8630.00 0.99155
8640.00 0.99195
8650.00 0.99195
8660.00 0.992
8670.00 0.9919
8680.00 0.99205
8690.00 0.99195
8700.00 0.9919
8710.00 0.9916
8720.00 0.9918
8730.00 0.99205
8740.00 0.99195
8750.00 0.9921
8760.00 0.99195
8770.00 0.99195
8780.00 0.9917
8790.00 0.99155
8800.00 0.99155
8810.00 0.9915
8820.00 0.99155
8830.00 0.99145
8840.00 0.99145
8850.00 0.99155
8860.00 0.9911
8870.00 0.9913
8880.00 0.99105
8890.00 0.9911
8900.00 0.99105
8910.00 0.991
8920.00 0.99095
8930.00 0.991
8940.00 0.9912
8950.00 0.99095
8960.00 0.99085
8970.00 0.9908
8980.00 0.99055
8990.00 0.99055
9000.00 0.9902
9010.00 0.9901
9020.00 0.98995
9030.00 0.9898
9040.00 0.98975
9050.00 0.9896
9060.00 0.98945
9070.00 0.9897
9080.00 0.9895
9090.00 0.9894
9100.00 0.9892
9110.00 0.98935
9120.00 0.98905
9130.00 0.989
9140.00 0.989
9150.00 0.98865
9160.00 0.98885
9170.00 0.98855
9180.00 0.98845
9190.00 0.98835
9200.00 0.9879
9210.00 0.9877
9220.00 0.9878
9230.00 0.98775
9240.00 0.98775
9250.00 0.9878
9260.00 0.9878
9270.00 0.98755
9280.00 0.98745
9290.00 0.9873
9300.00 0.98705
9310.00 0.98675
9320.00 0.9867
9330.00 0.9865
9340.00 0.9865
9350.00 0.9862
9360.00 0.9859
9370.00 0.9858
9380.00 0.9854
9390.00 0.9853
9400.00 0.985
9410.00 0.98525
9420.00 0.9849
9430.00 0.98465
9440.00 0.9846
9450.00 0.98445
9460.00 0.9841
9470.00 0.984
9480.00 0.98365
9490.00 0.98365
9500.00 0.9834
9510.00 0.9833
9520.00 0.983
9530.00 0.9827
9540.00 0.98235
9550.00 0.9819
9560.00 0.9819
9570.00 0.9816
9580.00 0.98155
9590.00 0.98125
9600.00 0.981
9610.00 0.98095
9620.00 0.98075
9630.00 0.9804
9640.00 0.98025
9650.00 0.9799
9660.00 0.97985
9670.00 0.97975
9680.00 0.9795
9690.00 0.97925
9700.00 0.9788
9710.00 0.97855
9720.00 0.978
9730.00 0.9781
9740.00 0.97765
9750.00 0.97745
9760.00 0.9773
9770.00 0.9768
9780.00 0.9766
9790.00 0.9765
9800.00 0.97605
9810.00 0.9759
9820.00 0.97565
9830.00 0.9753
9840.00 0.97505
9850.00 0.97495
9860.00 0.97455
9870.00 0.9746
9880.00 0.97405
9890.00 0.97365
9900.00 0.97345
9910.00 0.973
9920.00 0.97295
9930.00 0.9727
9940.00 0.97245
9950.00 0.97175
9960.00 0.9717
9970.00 0.9714
9980.00 0.97065
9990.00 0.9707
10000.00 0.9702
10010.00 0.97005
10020.00 0.9699
10030.00 0.9693
10040.00 0.96945
10050.00 0.96875
10060.00 0.96855
10070.00 0.9681
10080.00 0.9676
10090.00 0.96745
10100.00 0.96725
10110.00 0.9669
10120.00 0.96655
10130.00 0.96605
10140.00 0.9657
10150.00 0.965
10160.00 0.96495
10170.00 0.9645
10180.00 0.96425
10190.00 0.96375
10200.00 0.96365
10210.00 0.9633
10220.00 0.9631
10230.00 0.96245
10240.00 0.96215
10250.00 0.9619
10260.00 0.9616
10270.00 0.96095
10280.00 0.9607
10290.00 0.9605
10300.00 0.96035
10310.00 0.95975
10320.00 0.9594
10330.00 0.95875
10340.00 0.959
10350.00 0.95845
10360.00 0.95805
10370.00 0.9575
10380.00 0.95735
10390.00 0.95685
10400.00 0.95635
10410.00 0.9562
10420.00 0.95575
10430.00 0.9554
10440.00 0.95495
10450.00 0.95485
10460.00 0.95425
10470.00 0.9537
10480.00 0.9535
10490.00 0.95295
10500.00 0.95275
10510.00 0.9525
10520.00 0.95175
10530.00 0.9514
10540.00 0.9513
10550.00 0.9507
10560.00 0.9505
10570.00 0.95005
10580.00 0.9493
10590.00 0.9493
10600.00 0.9488
10610.00 0.94815
10620.00 0.9482
10630.00 0.94765
10640.00 0.9471
10650.00 0.9467
10660.00 0.946
10670.00 0.94575
10680.00 0.94555
10690.00 0.9454
10700.00 0.94505
10710.00 0.9445
10720.00 0.94395
10730.00 0.94365
10740.00 0.94335
10750.00 0.943
10760.00 0.94265
10770.00 0.94225
10780.00 0.94185
10790.00 0.9411
10800.00 0.94105
10810.00 0.94055
10820.00 0.9402
10830.00 0.93945
10840.00 0.93925
10850.00 0.93915
10860.00 0.93885
10870.00 0.9381
10880.00 0.9378
10890.00 0.9374
10900.00 0.93665
10910.00 0.9363
10920.00 0.9359
10930.00 0.9358
10940.00 0.9353
10950.00 0.93505
10960.00 0.93445
10970.00 0.934
10980.00 0.9333
10990.00 0.9331
11000.00 0.9331
